# Game Level Exporter v1.3
MESH
BG
<Matrix 4x4 (  0.0000, -37.7875,   0.0000, 0.0000)
            (-21.0729,  -0.0000,  -0.0000, 0.0000)
            (  0.0000,   0.0000, -20.3718, 0.0000)
            (  0.6521,  -0.0000,  -1.2854, 1.0000)>
MESH
Block
<Matrix 4x4 (1.0000,  0.0000, 0.0000, 0.0000)
            (0.0000,  0.0000, 1.0000, 0.0000)
            (0.0000, -1.0000, 0.0000, 0.0000)
            (0.0000,  0.0000, 0.0000, 1.0000)>
MESH
Wall
<Matrix 4x4 ( 0.9500,  0.0000, 0.0000, 0.0000)
            ( 0.0000,  0.0000, 0.9500, 0.0000)
            ( 0.0000, -0.9500, 0.0000, 0.0000)
            (12.0000,  0.0000, 0.0000, 1.0000)>
