# Game Level Exporter v1.3
MESH
Block
<Matrix 4x4 ( -1.0000,  0.0000,  -0.0000, 0.0000)
            (  0.0000,  0.0000,  -1.0000, 0.0000)
            (  0.0000, -1.0000,   0.0000, 0.0000)
            (160.7497,  0.0000, -30.5713, 1.0000)>
MESH
BG
<Matrix 4x4 ( 57.6000,  0.0000,  0.0000, 0.0000)
            (  0.0000, 32.4000, -0.0000, 0.0000)
            (  0.0000,  0.0000,  1.0000, 0.0000)
            (240.4422,  0.0000,  5.0000, 1.0000)>
MESH
DummyBlock
<Matrix 4x4 ( -1.0000,  0.0000,  -0.0000, 0.0000)
            (  0.0000,  0.0000,  -1.0000, 0.0000)
            (  0.0000, -1.0000,   0.0000, 0.0000)
            (157.6671,  0.0000, -34.5912, 1.0000)>
MESH
DummyTNT
<Matrix 4x4 ( -1.0000,  0.0000,  -0.0000, 0.0000)
            (  0.0000,  0.0000,  -1.0000, 0.0000)
            (  0.0000, -1.0000,   0.0000, 0.0000)
            (153.4762,  0.0000, -37.5420, 1.0000)>
MESH
Wall
<Matrix 4x4 ( -1.0000,  0.0000,  -0.0000, 0.0000)
            (  0.0000,  0.0000,  -1.0000, 0.0000)
            (  0.0000, -1.0000,   0.0000, 0.0000)
            (160.7497,  0.0000, -25.5822, 1.0000)>
